      agecat credit_score traffic_index
1  0.5956470    0.5922253   -0.01074432
2 -0.6691578   -0.6653138    0.01207031
> 
> # View cluster assignments
> print(kmeans_model$cluster)
   [1] 2 2 2 1 1 1 2 1 1 1 2 1 1 2 2 1 2 1 2 1 1 1 2 2 2 2 1 1 2 2 2 1 2 2 1 2 2 1 2 1 1 1 1 2
  [45] 1 1 2 1 2 1 1 2 1 1 1 2 2 1 1 2 1 1 1 1 2 1 2 2 1 1 2 2 2 2 1 2 2 2 2 2 2 1 1 1 1 1 1 1
  [89] 2 1 2 1 1 2 1 2 1 2 2 2 2 1 2 1 1 1 1 2 1 1 1 2 2 2 2 2 2 2 1 1 2 1 2 1 1 1 1 1 2 1 2 2
 [133] 2 2 1 1 1 2 2 2 2 2 2 2 1 1 2 2 2 1 1 1 2 1 1 1 2 1 1 2 1 2 2 1 1 2 1 1 2 1 1 2 1 1 2 2
 [177] 1 1 2 1 2 1 2 2 1 1 1 2 2 2 2 1 1 1 2 2 1 2 2 2 1 1 1 2 1 2 2 1 2 2 1 2 2 1 1 2 1 2 1 2
 [221] 2 1 2 1 2 2 1 1 2 1 2 1 1 1 2 2 1 1 2 1 2 2 1 2 1 2 2 2 1 1 2 1 2 1 2 1 2 1 1 1 1 2 1 1
 [265] 1 1 1 2 1 2 1 2 1 1 1 2 2 2 1 1 2 2 2 1 2 1 1 1 2 1 1 2 1 1 2 2 2 1 2 2 1 2 2 1 2 1 1 2
 [309] 2 2 1 2 1 2 2 1 2 1 1 1 1 1 1 2 1 2 1 2 2 1 1 1 2 2 1 2 2 1 2 2 1 1 1 1 2 2 1 2 1 2 1 2
 [353] 1 1 2 1 1 1 2 1 2 2 2 1 1 1 1 2 1 1 2 2 2 2 2 1 2 1 2 1 1 2 1 1 1 1 1 2 2 2 2 1 2 2 1 2
 [397] 1 2 2 1 1 2 2 2 2 1 2 2 2 2 1 1 2 2 1 2 1 1 1 1 1 1 1 2 2 2 1 1 1 1 1 1 2 2 1 1 1 2 2 1
 [441] 1 1 1 1 2 1 2 1 1 1 1 1 1 2 1 1 2 2 1 2 1 1 2 1 2 2 2 2 2 2 2 1 2 1 1 1 1 2 1 1 2 2 1 1
 [485] 1 1 2 2 2 1 2 2 2 2 1 2 2 2 2 2 1 1 2 1 2 1 1 1 2 1 1 2 1 1 1 1 2 1 2 1 1 2 1 1 2 2 2 1
 [529] 2 1 1 2 2 2 1 1 2 1 2 1 2 2 2 2 2 1 2 1 2 2 2 2 1 2 1 1 2 2 1 1 2 2 2 1 1 2 1 1 2 2 2 1
 [573] 1 2 1 1 1 1 1 1 2 2 1 2 2 2 2 2 2 1 1 2 2 2 2 1 1 1 2 2 2 1 2 2 1 2 1 1 2 2 2 1 2 2 1 1
 [617] 1 1 2 2 2 2 1 1 1 1 2 2 2 2 2 2 1 2 1 2 1 2 2 1 2 1 2 2 1 1 2 2 1 1 1 2 1 2 1 1 1 2 1 1
 [661] 1 1 1 1 2 1 2 2 1 1 1 2 1 1 1 2 1 1 2 1 2 1 2 1 2 2 1 1 2 2 1 1 2 1 2 1 2 2 1 2 1 2 1 2
 [705] 1 2 2 1 2 1 2 1 1 2 1 2 2 2 1 2 2 1 1 2 1 1 2 1 1 2 1 1 2 1 2 2 2 2 2 1 2 2 1 2 2 1 1 2
 [749] 1 2 1 1 1 1 1 1 2 1 1 1 2 1 2 1 1 2 1 2 1 2 2 1 1 1 2 1 2 2 1 1 1 2 1 2 1 1 2 1 1 1 1 1
 [793] 2 2 1 1 1 1 1 2 2 1 1 1 1 2 2 2 2 1 2 1 1 2 2 2 1 1 2 2 1 1 2 1 1 2 1 2 2 2 1 1 1 1 2 1
 [837] 2 2 1 2 2 2 2 2 2 2 1 2 1 2 2 1 1 2 2 1 1 2 2 2 1 1 1 1 2 1 2 1 1 2 1 2 1 2 1 2 2 1 2 1
 [881] 1 1 2 2 1 2 2 1 1 1 1 2 1 2 1 2 2 1 2 2 2 2 1 1 1 1 2 2 1 2 2 2 2 2 2 2 2 1 2 2 1 1 1 1
 [925] 2 1 2 1 1 2 1 1 1 2 2 2 1 1 2 2 1 1 1 1 2 1 1 1 1 1 1 2 2 1 1 1 1 1 1 2 2 1 1 2 2 2 1 1
 [969] 1 2 2 1 2 2 1 2 1 2 1 1 2 1 1 2 2 1 2 2 2 2 2 1 2 2 2 2 1 1 2 2